t_inj: [43200]
beta: [0.005719067932154296]
level: [-4.994718282477366e-06]